1 785.7417507171631 170.89894199371338 12.061320304870605 9.70207691192627 2.265620231628418 77.17573738098145
2 1372.7450304031372 110.82200336456299 12.709577560424805 9.670405387878418 2.053492546081543 74.74404335021973
3 1535.238977432251 106.10274028778076 13.277697563171387 8.754328727722168 2.1729249954223633 72.99925994873047
4 1449.7692041397095 104.30007076263428 11.895724296569824 9.477221488952637 1.1819868087768555 71.17971515655518
5 1426.5801696777344 106.59205055236816 10.698895454406738 8.37486743927002 2.014988899230957 68.67618560791016
6 1452.2226524353027 106.3777723312378 9.89935302734375 8.484790802001953 2.195460319519043 67.00371074676514
7 1444.3570594787598 105.78925323486328 10.818815231323242 7.667501449584961 2.560476303100586 65.07607364654541
8 1446.8459281921387 104.23872375488281 9.788061141967773 7.945774078369141 2.6793441772460938 63.72238254547119
9 1405.9851665496826 103.62812519073486 9.12343692779541 6.760170936584473 2.9406394958496094 61.42785930633545
10 1411.749475479126 109.48704433441162 8.801717758178711 6.808631896972656 3.0522375106811523 59.8689546585083
11 1376.2249670028687 116.31965255737305 8.837411880493164 6.265523910522461 2.9958810806274414 57.59640407562256
12 1397.3069801330566 106.18283176422119 8.6795654296875 6.28944206237793 2.928882598876953 57.08549690246582
13 1357.7615900039673 124.21699523925781 7.196091651916504 5.39246940612793 3.191990852355957 55.6715669631958
14 1395.8224849700928 112.2618408203125 7.38824462890625 5.407992362976074 3.352372169494629 56.32313537597656
15 1379.5908613204956 104.7285099029541 6.834184646606445 5.436004638671875 3.6784534454345703 54.48891830444336
16 1350.1314296722412 100.77849102020264 7.470478057861328 5.432529449462891 3.5961265563964844 55.113216400146484
17 1358.701210975647 122.3876724243164 4.9000349044799805 3.6372480392456055 3.194392204284668 45.535040855407715
18 1372.9682941436768 116.7933759689331 5.142491340637207 3.539393424987793 3.5446853637695312 45.277913093566895
19 1368.5560693740845 111.29481315612793 4.837038993835449 3.741074562072754 3.655324935913086 43.96721839904785
20 1362.8492908477783 107.51342678070068 5.009413719177246 3.564723014831543 3.8163061141967773 44.66968822479248
21 1313.8026580810547 99.94208908081055 3.927536964416504 3.126972198486328 3.882875442504883 44.60010528564453
22 1234.69437789917 146.35654258728027 3.9751806259155273 2.7862768173217773 3.741504669189453 45.90043544769287
23 1247.2451677322388 148.5199556350708 3.7681617736816406 3.0094308853149414 3.8765201568603516 46.960153579711914
24 1298.0355463027954 140.82909870147705 3.926630973815918 2.7984466552734375 3.9153614044189453 48.905113220214844
25 1328.5398302078247 137.2299394607544 2.835892677307129 1.7734613418579102 3.9978675842285156 50.28985786437988
26 1372.4529399871826 136.6206636428833 2.3431100845336914 1.9391632080078125 4.141293525695801 52.44968223571777
27 1402.42142868042 130.36121940612793 2.7247695922851562 1.729140281677246 4.021796226501465 54.72178649902344
28 1403.9928073883057 124.91829204559326 2.4825658798217773 1.8723773956298828 4.230405807495117 56.951369285583496
29 1382.331953048706 121.04390716552734 2.386752128601074 1.4597339630126953 4.38929557800293 59.35135364532471
30 1375.8424062728882 116.25979137420654 2.0784988403320312 1.5145416259765625 4.31673526763916 62.03817367553711
31 1311.9534912109375 108.98044967651367 2.3899288177490234 1.4601631164550781 4.32164192199707 64.7159423828125
32 1314.7513694763184 102.13811874389648 2.143291473388672 1.4224557876586914 4.407341003417969 67.33677577972412
