1 761.7382678985596 421.26068592071533 2.452747344970703 1.595414161682129 1.7892065048217773 5.238835334777832
2 1513.3213520050049 760.1451139450073 2.375870704650879 1.5634279251098633 2.093912124633789 5.103703498840332
3 1572.0973615646362 833.7353582382202 2.3166017532348633 1.5355243682861328 1.9982709884643555 4.9644575119018555
4 1565.587417602539 827.5517425537109 2.2619314193725586 1.5198974609375 2.1437644958496094 4.866630554199219
5 1499.78493309021 816.8370599746704 2.175039291381836 1.481886863708496 2.1354427337646484 4.689475059509277
6 1460.3146209716797 803.7662801742554 2.106013298034668 1.447098731994629 2.002134323120117 4.554682731628418
7 1449.2540674209595 794.7746381759644 2.0421371459960938 1.4238014221191406 2.141796112060547 4.409080505371094
8 1442.0928936004639 783.0807428359985 2.002582550048828 1.407449722290039 2.3042173385620117 4.330207824707031
9 1398.3606843948364 772.1376934051514 1.9066944122314453 1.3745899200439453 2.186720848083496 4.163514137268066
10 1366.2719192504883 762.3570861816406 1.8627681732177734 1.3495426177978516 2.211949348449707 4.057157516479492
11 1343.6283359527588 745.1604881286621 1.7710027694702148 1.3133163452148438 2.3111801147460938 3.911518096923828
12 1322.9537353515625 732.1395263671875 1.7673454284667969 1.309499740600586 2.424093246459961 3.869593620300293
13 1294.9531650543213 721.2153015136719 1.7355432510375977 1.2898759841918945 2.403776168823242 3.723311424255371
14 1266.3668537139893 717.0970735549927 1.754969596862793 1.2937660217285156 2.2689208984375 3.6676864624023438
15 1267.2539443969727 702.8936319351196 1.6758689880371094 1.2599916458129883 2.3108129501342773 3.5016555786132812
16 1194.3187675476074 681.4440851211548 1.6929636001586914 1.2542057037353516 2.0664634704589844 3.4442262649536133
17 1180.6141843795776 662.2991714477539 1.2140731811523438 1.0377435684204102 2.056056022644043 3.115468978881836
18 1162.0752906799316 648.6463937759399 1.2121458053588867 1.0396270751953125 2.031712532043457 3.087193489074707
19 1156.3698501586914 642.3431739807129 1.2141342163085938 1.032313346862793 1.9889583587646484 3.0238208770751953
20 1131.485149383545 636.056881904602 1.2640485763549805 1.0539121627807617 1.978952407836914 3.0059404373168945
21 1115.698145866394 617.4520215988159 1.3066797256469727 1.072575569152832 1.9557113647460938 2.955183982849121
22 1076.07053565979 600.6125059127808 1.3610200881958008 1.1003074645996094 1.9706525802612305 2.966000556945801
23 1047.748306274414 590.5576181411743 1.4036026000976562 1.1283445358276367 1.9688472747802734 2.970595359802246
24 1056.655605316162 581.6971464157104 1.469416618347168 1.1535940170288086 2.000239372253418 3.015317916870117
25 1047.4847135543823 579.9114208221436 1.5174026489257812 1.1781501770019531 2.015927314758301 3.0287418365478516
26 1057.6829595565796 576.7104835510254 1.573237419128418 1.2007122039794922 2.06162166595459 3.0685958862304688
27 1063.68710231781 573.3345708847046 1.6085643768310547 1.2219610214233398 2.098761558532715 3.1408843994140625
28 1056.6841163635254 570.5248928070068 1.7008056640625 1.247776985168457 2.141206741333008 3.252497673034668
29 1050.9300394058228 559.024884223938 1.730194091796875 1.275059700012207 2.184070587158203 3.3184871673583984
30 1033.3277416229248 552.6556100845337 1.8217229843139648 1.3057680130004883 2.219651222229004 3.398850440979004
31 970.1900005340576 523.0075769424438 1.9083623886108398 1.3388967514038086 2.2812347412109375 3.523646354675293
32 965.8797836303711 521.312050819397 1.9999504089355469 1.3736391067504883 2.338128089904785 3.6355819702148438
