1 3.0851 1.9294 1.68879 1.74437 0.0506401 0.00996637 0.869023 1.11999
2 2.9951 1.94316 1.12339 1.26039 0.0476662 0.00940943 0.858606 1.14759
3 3.00058 1.98128 1.06105 1.22203 0.0149719 0.0190012 0.922375 1.18389
4 2.99727 1.91458 1.11557 1.2769 0.024150400000000002 0.0101607 0.741059 1.22567
5 3.12712 1.91257 1.0986 1.28907 0.06275359999999999 0.014563 0.84879 1.26679
6 3.04249 1.91076 1.1287 1.2913 0.0392591 0.0128675 1.00652 1.29532
7 3.41524 1.90421 1.14428 1.29003 0.0206241 0.0137798 1.00702 1.30665
8 3.086 1.91988 1.12204 1.33904 0.040043 0.0141579 1.01023 1.315
9 3.31449 1.91071 1.13662 1.33409 0.0307732 0.017968900000000003 0.942454 1.39562
10 3.08847 1.88359 1.14854 1.30585 0.0304923 0.017624599999999997 0.938369 1.39714
11 3.4261 1.8667 1.17199 1.35249 0.027515900000000003 0.0203565 0.971617 1.48168
12 3.72348 1.88561 1.1757 1.35005 0.0297441 0.0200163 0.940904 1.45279
13 3.35681 1.86103 1.1996 1.37348 0.0421837 0.0257702 0.878838 1.51364
14 3.11786 1.87131 1.18494 1.35426 0.040788 0.0292913 0.853194 1.51832
15 3.06979 1.84548 1.20402 1.41828 0.044588 0.0303383 0.871408 1.5664
16 2.99202 1.84351 1.22249 1.4049 0.0390918 0.028027299999999998 0.860113 1.52914
17 4.27532 1.86299 1.21615 1.41538 0.080318 0.0548206 1.12315 1.75254
18 3.79957 1.84241 1.20617 1.4507 0.0832 0.0571782 1.15558 1.76807
19 4.02493 1.84751 1.2047 1.39682 0.0892842 0.0549744 1.12006 1.88319
20 4.05451 1.83815 1.20887 1.44516 0.08390289999999999 0.0601288 1.07631 1.79727
21 3.75708 1.83281 1.24017 1.49264 0.141752 0.0928331 1.00795 1.85595
22 3.54943 1.74822 1.37137 1.52345 0.144167 0.117281 0.980169 1.80276
23 3.71278 1.78362 1.32175 1.53079 0.171891 0.114138 0.931237 1.74849
24 3.37691 1.77253 1.30754 1.463 0.20628 0.128651 0.879686 1.75162
25 3.63789 1.76796 1.27247 1.47215 0.438776 0.389566 0.818918 1.67169
26 3.36661 1.67081 1.22127 1.44651 0.644431 0.446033 0.802596 1.60326
27 3.15743 1.71926 1.18834 1.45832 0.598742 0.467892 0.776772 1.54873
28 3.11161 1.74282 1.17816 1.46687 0.681047 0.455414 0.72681 1.49965
29 3.25213 1.73209 1.19738 1.42695 1.04694 0.878892 0.740534 1.45982
30 3.01446 1.73166 1.19562 1.46155 1.39787 0.958934 0.690276 1.42479
31 2.86015 1.67736 1.26665 1.5015 1.32018 0.974762 0.693072 1.33382
32 2.71529 1.69025 1.27331 1.46628 1.61546 0.978427 0.6756 1.30933
