1 12.0707 3.56074 4.00844 4.98678 4.15362 4.70735 1.01951 1.84313
2 11.9641 3.66577 2.81442 3.25754 3.71389 4.36514 1.21681 1.76768
3 12.1879 3.57566 2.65561 3.41931 4.34511 4.48222 1.31728 1.85616
4 12.0271 3.56915 2.68519 3.04768 4.3135 4.69425 1.38091 1.89861
5 12.0613 3.378 2.7699 3.13246 4.38865 4.69613 1.23462 1.78952
6 12.0404 3.43485 2.75627 3.25076 4.395 4.31236 1.19271 1.87909
7 10.7773 3.36911 2.94524 3.64287 4.39817 4.42012 1.28291 1.92633
8 10.501 3.26407 3.24182 3.69867 4.41239 4.34788 1.11411 1.8268
9 11.8552 3.35501 3.24815 3.60343 3.84024 4.50159 1.13005 1.93863
10 11.8999 3.31025 3.29564 3.82493 4.35828 4.46875 1.15949 1.9034
11 11.4483 3.24367 3.39356 3.72823 4.41932 4.63229 1.45989 1.94015
12 11.5586 3.17613 3.38604 3.36362 4.42767 4.62461 1.43302 1.94818
13 11.4941 3.0839 3.49247 3.98774 4.42302 4.45291 1.7613 1.94066
14 10.2465 3.06802 3.05574 4.02647 4.42098 4.22049 1.49596 1.88316
15 11.0496 3.05061 3.5428 3.49696 3.80419 4.57173 1.95387 1.95732
16 11.9467 3.0289 3.18106 4.19855 4.30819 4.57243 1.19057 1.89748
17 10.4369 3.04929 3.72922 4.27947 4.23508 4.34058 2.02943 1.9768
18 10.6322 3.03732 3.71874 3.80318 4.22726 4.33135 1.74822 1.93163
19 10.726 3.02735 3.78662 4.34537 4.22005 4.30115 2.00685 1.96764
20 10.7745 2.98326 3.33042 4.37513 3.70575 4.32144 1.96358 1.90849
21 10.5572 2.98137 3.88675 3.80059 4.24891 4.33014 2.01005 1.9544
22 11.1739 2.97368 3.99995 4.5054 4.27122 4.17128 1.99008 1.91246
23 11.2608 2.97535 3.42937 4.5329 4.28255 4.36458 1.93082 1.94003
24 11.3785 2.95182 4.043 3.95643 4.30185 4.38871 1.9922 1.91698
25 11.4415 2.89621 3.67226 4.53899 4.30458 4.28599 1.93294 1.92274
26 11.5294 2.87092 3.94313 4.58738 4.31585 4.232 1.97733 1.78687
27 11.4901 2.90358 4.02081 4.59461 3.8184 4.16057 1.96955 1.81116
28 11.6906 2.89023 3.46159 4.19502 4.34213 4.1267 1.9096 1.89864
29 11.7881 2.87684 4.02945 4.43367 3.74162 4.2737 1.95338 1.8899
30 11.8022 2.84716 4.04745 4.6347 4.36432 4.47175 1.8776 1.79757
31 11.9074 2.8477 3.55911 4.71807 4.36989 4.49308 1.93895 1.8753
32 11.9601 2.85821 4.19179 4.64433 4.37323 4.50885 1.89464 1.86515
