1 6.36721 2.39643 1.63575 1.53591 1.06408 0.775602 6.51275 10.9223
2 3.93286 2.30976 1.72865 1.39002 0.972103 0.754171 5.83223 9.79764
3 3.66033 2.28846 1.5582 1.41321 0.90069 0.707097 5.8648 9.3377
4 3.75592 2.28555 1.60216 1.36348 0.912295 0.617066 5.37372 9.43579
5 3.87213 2.25297 1.58769 1.30195 0.899379 0.608864 5.22846 9.69467
6 3.84347 2.22791 1.52103 1.31766 0.836067 0.61074 5.44357 9.49493
7 3.877 2.12008 1.4199 1.31343 0.870091 0.625746 5.28718 9.63973
8 3.86473 2.12907 1.5155 1.24073 0.904244 0.587078 5.38548 9.73514
9 3.9423 2.08819 1.45124 1.24633 0.86134 0.562043 5.5505 9.8581
10 3.99967 2.048 1.50366 1.2922 0.853948 0.623648 5.38163 10.0014
11 4.31695 2.10953 1.47583 1.26609 0.879088 0.638889 5.92764 10.0278
12 4.59118 2.07346 1.50292 1.39044 0.839535 0.720627 6.3053 10.1168
13 4.58972 2.05642 1.51779 1.42657 0.945278 0.639781 6.458 10.1666
14 4.44713 2.02471 1.51937 1.38622 0.998049 0.596902 6.18914 10.2528
15 4.55366 2.07787 1.54357 1.38184 1.00303 0.617845 6.44645 10.3208
16 4.96338 2.03009 2.07131 1.91057 1.4617 1.05231 6.53178 10.4378
17 4.84721 2.06113 2.03126 2.01922 1.48123 1.06249 6.64806 10.4397
18 4.92214 2.01268 1.98397 1.89209 1.44389 1.06729 7.02756 10.6729
19 5.41561 2.05663 2.01375 2.00397 1.52676 1.14076 7.17077 10.6724
20 5.39269 2.01589 2.04618 1.89272 1.6686 1.05894 7.31747 10.753
21 5.00566 2.06096 2.10554 1.86299 1.62077 1.06132 7.49815 10.7618
22 5.49954 1.99989 2.05007 1.88602 1.91083 1.14503 7.2586 10.815
23 5.58424 2.04392 2.11138 1.86326 2.0987 1.16681 7.10351 10.9438
24 6.61844 1.98234 2.26623 2.18789 2.61014 2.01241 7.53828 11.0296
25 6.8734 1.9378 2.23504 2.23065 2.64289 2.00163 7.54773 11.0093
26 6.81319 1.95156 2.43944 2.24029 2.78737 1.98073 7.73455 11.0849
27 6.25382 2.02001 2.10232 2.18122 2.83542 2.10473 7.99494 11.0544
28 6.3055 1.95505 2.22296 2.16397 2.90266 2.00688 7.94439 11.1111
29 5.87605 2.00812 2.29004 2.24233 2.89571 2.01325 7.87644 11.1655
30 5.99954 1.94922 2.13829 2.20166 3.0039 2.20707 7.50304 11.1843
31 5.47944 1.99709 2.26435 2.15259 3.0156 2.06543 7.48806 11.2084
32 5.72301 1.94082 2.16077 2.30203 3.1272 1.92308 7.47156 11.19
