1 18.5178 20.6315 44.5043 44.0677 46.461 46.79 40.7611 41.1625
2 16.5527 20.1068 28.3303 29.3746 29.6416 28.6418 26.0613 26.8639
3 16.5361 19.9937 28.8833 29.9284 30.1585 29.0818 26.7042 27.6085
4 16.5782 20.1665 28.5579 29.6279 29.8969 28.9274 26.2134 27.0771
5 16.5155 20.221 30.5325 31.5135 31.691 30.4825 28.3217 29.2663
6 16.5329 19.9935 30.7887 31.7008 32.023 30.835 28.4492 29.2071
7 16.5071 20.1098 29.5399 30.5909 30.9057 29.8281 27.2217 28.2078
8 16.4346 20.1833 29.0151 30.0611 30.5644 29.4634 26.7133 27.4568
9 16.4068 20.1515 29.6374 30.6651 31.1644 30.0549 27.3446 28.3202
10 16.4747 20.2411 31.3207 32.1547 32.7607 31.5621 29.0282 29.6253
11 16.5388 20.3394 33.682 34.4283 35.9323 34.4607 31.8003 32.4184
12 16.406 20.2318 31.5592 32.2794 32.9621 31.7756 29.1929 29.8838
13 16.7159 20.2292 34.706 35.3921 37.5174 36.3095 32.7167 32.4472
14 16.5806 20.141 33.6776 34.4491 35.3311 34.2212 30.9543 31.154
15 16.3698 19.9963 31.5679 32.4338 33.1821 31.8378 29.5928 29.9074
16 16.2192 20.1637 30.8862 31.7854 32.1699 31.0153 28.6337 29.3258
17 16.8748 20.3613 36.5323 37.4707 38.7556 38.0627 34.0947 33.8837
18 16.7295 20.309 35.7018 36.1863 37.3996 36.6723 32.8795 32.8532
19 16.4625 20.3394 34.3947 34.8905 36.0665 34.856 32.2642 32.0752
20 16.3426 20.1776 32.7942 33.5727 34.3751 33.1617 30.4644 31.051
21 16.1205 20.0877 31.4738 32.1568 32.7701 31.6567 29.4177 29.8917
22 17.5676 20.3622 40.8407 41.3704 43.4414 42.8631 36.7816 37.0491
23 17.3288 20.2959 40.4871 41.075 41.439 40.5657 36.7499 36.7922
24 17.388 20.2901 38.7908 39.6715 41.4944 39.1722 34.7602 35.16
25 17.0741 20.3683 37.954 38.8246 39.0914 38.9013 35.0181 34.9727
26 16.9779 20.4292 36.0907 36.6959 39.0036 37.9752 32.8985 33.587
27 16.8016 20.243 36.0487 36.6067 37.6956 37.4831 33.3899 33.0696
28 16.7226 20.1991 34.9572 35.6571 36.9996 35.8418 31.6557 33.06
29 16.4774 20.2769 33.6875 34.2177 35.8355 34.5013 32.0551 31.8795
30 16.2972 19.9807 33.0291 33.7486 34.811 33.7742 30.5736 31.0632
31 16.1183 20.0994 31.99 32.7397 33.7987 32.7743 29.8682 30.7415
32 15.9559 19.8782 31.2119 32.03 32.8163 31.8091 29.1738 29.4236
