1 0.09277039999999999 0.258527 0.0407269 0.0595715 0.0790584 0.00877375 0.196928 0.0180423
2 0.0468057 0.246398 0.0324254 0.0497031 0.0724152 0.00908497 0.164352 0.0171537
3 0.048464400000000005 0.240948 0.040127199999999995 0.044867199999999996 0.0683893 0.009201860000000001 0.134863 0.0162201
4 0.049939199999999996 0.234833 0.032775900000000004 0.0399821 0.06649730000000001 0.00950725 0.115715 0.0159388
5 0.0567921 0.233136 0.0367515 0.0401566 0.06913689999999999 0.011544700000000001 0.114178 0.0158034
6 0.0533283 0.230208 0.0372604 0.0377377 0.0694405 0.012086399999999999 0.118636 0.0152917
7 0.0520908 0.228032 0.0353355 0.0389523 0.07177860000000001 0.0128688 0.111085 0.0155095
8 0.0504188 0.224862 0.0334835 0.0383343 0.07393960000000001 0.0138746 0.114184 0.0154322
9 0.053849 0.223397 0.0412007 0.044017 0.0738957 0.016476900000000003 0.11506 0.0152789
10 0.054983 0.209515 0.044706699999999995 0.0454629 0.0733375 0.0173669 0.119712 0.0154967
11 0.0583204 0.211643 0.044402300000000006 0.052367300000000006 0.072762 0.0190367 0.129114 0.015642299999999998
12 0.0564606 0.212437 0.0481372 0.0581077 0.0764215 0.0201917 0.136593 0.015471
13 0.0672281 0.206653 0.0530191 0.06761139999999999 0.0777455 0.023261599999999997 0.140787 0.0154836
14 0.057931199999999995 0.21679 0.0592356 0.0739312 0.07746289999999999 0.0258594 0.150367 0.0159383
15 0.0527643 0.219025 0.06872239999999999 0.0808607 0.0803601 0.027911 0.1573 0.0161193
16 0.0502753 0.212806 0.115472 0.122979 0.0891488 0.029444599999999998 0.211084 0.0211896
17 0.065064 0.215594 0.124953 0.134014 0.0899305 0.037009099999999996 0.205583 0.0203495
18 0.0619162 0.215421 0.131435 0.134802 0.089215 0.0409735 0.210352 0.0205528
19 0.057084 0.215902 0.142741 0.138583 0.0914172 0.0445269 0.215558 0.0202596
20 0.0539297 0.215329 0.148758 0.144716 0.0924238 0.0458555 0.215028 0.0204169
21 0.050820699999999996 0.212819 0.161628 0.14918 0.0939005 0.0586224 0.209977 0.0198675
22 0.0781362 0.214094 0.168903 0.155425 0.0972219 0.06527240000000001 0.223073 0.020061
23 0.072201 0.212387 0.178716 0.152161 0.09708910000000001 0.0725125 0.224139 0.0200395
24 0.0677085 0.21307 0.209442 0.193877 0.126101 0.0770947 0.301513 0.036097800000000006
25 0.065222 0.21233 0.216932 0.195683 0.127441 0.103931 0.304836 0.035540699999999995
26 0.0599664 0.211215 0.214894 0.194633 0.124007 0.120273 0.299863 0.0356777
27 0.059819699999999996 0.212633 0.227926 0.197119 0.127094 0.126248 0.29658 0.0352706
28 0.057779 0.207842 0.229893 0.197191 0.126034 0.134875 0.309697 0.034479300000000004
29 0.054938 0.211862 0.230164 0.197732 0.129286 0.18817 0.309892 0.033973
30 0.0531344 0.20892 0.23357 0.199314 0.12854 0.197624 0.308643 0.034226099999999995
31 0.0506129 0.210126 0.237198 0.200943 0.130217 0.198114 0.305364 0.033785199999999994
32 0.0484925 0.210053 0.23967 0.200291 0.129968 0.196959 0.307383 0.0332995
