1 280.69343757629395 249.21308422088623 4.536905288696289 10.675482749938965 0.49506473541259766 0.1397714614868164
2 284.6048707962036 314.445424079895 5.14012336730957 10.76009750366211 0.5608310699462891 0.2015218734741211
3 322.42516326904297 316.91326332092285 5.4497528076171875 11.94495677947998 0.6228160858154297 0.21611881256103516
4 305.80842304229736 326.8383598327637 5.20655632019043 15.051663398742676 0.5855960845947266 0.21534061431884766
5 316.9423942565918 343.0647201538086 5.391319274902344 15.199358940124512 0.6676511764526367 0.20943832397460938
6 327.46117210388184 333.14228439331055 5.700340270996094 15.000846862792969 0.6517000198364258 0.20663833618164062
7 349.5874710083008 336.28705310821533 5.2765092849731445 12.994481086730957 0.6250247955322266 0.2052164077758789
8 347.41694259643555 374.95786571502686 5.542852401733398 15.097477912902832 0.6333580017089844 0.20474720001220703
9 348.8342332839966 359.3730525970459 5.500364303588867 15.256874084472656 0.6060047149658203 0.20073986053466797
10 335.8113012313843 344.47525215148926 5.622371673583984 13.94019889831543 0.6187944412231445 0.2013864517211914
11 332.3285617828369 348.0040702819824 5.2311296463012695 12.790446281433105 0.5666055679321289 0.19728565216064453
12 330.5264730453491 312.56868743896484 5.57747745513916 10.09414005279541 0.565770149230957 0.19266510009765625
13 321.32595920562744 300.4842367172241 4.951530456542969 14.209198951721191 0.5290937423706055 0.18944263458251953
14 319.7446985244751 313.3321523666382 4.473931312561035 15.673487663269043 0.5263729095458984 0.18595409393310547
15 318.2481851577759 316.1294193267822 4.298604965209961 14.986845016479492 0.5115413665771484 0.18601417541503906
16 176.51379489898682 175.57749271392822 3.365713119506836 9.033915519714355 0.5055723190307617 0.1799173355102539
17 174.96621894836426 155.1010103225708 3.0704822540283203 8.41762638092041 0.5026283264160156 0.1794719696044922
18 173.4026222229004 170.69815635681152 3.104783058166504 8.82543659210205 0.4534921646118164 0.17362308502197266
19 185.95606899261475 155.77167415618896 2.8155508041381836 7.464023590087891 0.4489421844482422 0.17139053344726562
20 184.28528690338135 172.4048023223877 2.607707977294922 8.483503341674805 0.43201160430908203 0.16785812377929688
21 171.29899883270264 172.49562644958496 2.703944206237793 8.826007843017578 0.4058256149291992 0.16580486297607422
22 171.75940990447998 159.03080081939697 2.2124080657958984 7.916689872741699 0.41823768615722656 0.15984344482421875
23 168.3062229156494 161.50284671783447 2.0904741287231445 6.414379119873047 0.41617393493652344 0.1608562469482422
24 105.96660137176514 89.12852478027344 1.7188310623168945 4.651984214782715 0.3759288787841797 0.1525249481201172
25 106.10561943054199 97.8365364074707 1.7173280715942383 4.782132148742676 0.37624263763427734 0.14984512329101562
26 104.78599739074707 97.05484390258789 1.6701040267944336 4.96839714050293 0.37174320220947266 0.1495962142944336
27 112.12651443481445 92.62718391418457 1.5970611572265625 3.651348114013672 0.3609609603881836 0.14579200744628906
28 108.1195125579834 92.22751426696777 1.5549554824829102 3.990325927734375 0.3585996627807617 0.14193248748779297
29 107.40483665466309 104.04496574401855 1.4890203475952148 4.120644569396973 0.3448600769042969 0.13470745086669922
30 107.74242115020752 89.61572074890137 1.467081069946289 3.0943756103515625 0.34189701080322266 0.1303691864013672
31 107.09006786346436 96.86868190765381 1.4149255752563477 4.035326957702637 0.3151674270629883 0.11928558349609375
32 108.48786449432373 84.24296760559082 1.4343395233154297 4.333878517150879 0.3065528869628906 0.11292171478271484
