1 15826.568043708801 8439.978790283203 61.541653633117676 1.7247581481933594 12.537546157836914 4.725749969482422
2 20489.244970321655 10431.802570343018 72.03275299072266 1.713210105895996 12.239246368408203 5.209840774536133
3 16116.945844650269 11651.110689163208 76.77871227264404 1.722238540649414 12.018598556518555 5.316329002380371
4 20135.81900024414 13577.315304756165 78.3626880645752 1.7189140319824219 12.938794136047363 5.582431793212891
5 17774.06062889099 13296.80988407135 75.52243328094482 1.6189556121826172 12.466453552246094 5.709558486938477
6 17389.850118637085 14520.824175834656 75.42117691040039 1.6053714752197266 12.855480194091797 5.846792221069336
7 18622.617364883423 13860.224188804626 73.44749450683594 1.5594711303710938 13.082205772399902 5.963493347167969
8 19945.50977706909 14243.894968986511 72.1262731552124 1.4827136993408203 12.683037757873535 6.099876403808594
9 15949.316104888916 11809.687281608582 71.94814872741699 1.4228906631469727 12.909561157226562 6.166834831237793
10 14669.012558937073 11557.012853622437 72.45450592041016 1.3877906799316406 12.172506332397461 6.192956924438477
11 15132.213582992554 9558.001523971558 70.20195388793945 1.3363122940063477 12.460902214050293 6.061772346496582
12 13892.707302093506 8206.659722328186 69.09212303161621 1.2880229949951172 12.13371753692627 6.244789123535156
13 12516.877509117126 6716.162749290466 68.38772392272949 1.2836837768554688 11.862353324890137 6.133915901184082
14 11246.783200263977 5731.159861564636 67.1198673248291 1.2471599578857422 12.643573760986328 6.130825042724609
15 9551.388339042664 5054.643288612366 65.79800987243652 1.219975471496582 12.050522804260254 6.153142929077148
16 5207.516265869141 2636.0003929138184 59.873929023742676 1.2236146926879883 10.80492115020752 4.845146179199219
17 4894.853882789612 2318.690329551697 58.85433387756348 1.1445131301879883 10.893863677978516 4.843964576721191
18 4532.383172035217 2265.1358737945557 59.36212158203125 1.1299715042114258 10.680253028869629 4.903629302978516
19 4241.698007583618 2144.794132232666 57.659658432006836 1.1085166931152344 10.369505882263184 5.0153303146362305
20 4043.0077514648438 1959.3382949829102 56.72957229614258 1.097097396850586 10.486342430114746 4.989768028259277
21 3783.9379472732544 1900.4827890396118 57.218443870544434 1.0530681610107422 10.92336654663086 4.9982805252075195
22 3410.5343828201294 1735.177285194397 54.66425704956055 1.0508480072021484 10.478657722473145 5.045672416687012
23 3147.8756380081177 1633.2890720367432 53.36100673675537 1.0423641204833984 10.270197868347168 5.05511474609375
24 2234.589096069336 1001.3767890930176 41.788394927978516 1.0383501052856445 8.024024963378906 3.179276466369629
25 2094.2961435317993 948.0236330032349 41.60809803009033 1.0054445266723633 7.961901664733887 3.2085094451904297
26 2144.909116744995 1007.2348079681396 42.63611602783203 0.9933652877807617 7.8189697265625 3.2493200302124023
27 1958.517053604126 973.8078060150146 41.979427337646484 1.0195112228393555 8.010302543640137 3.2382383346557617
28 1904.4344091415405 1010.5457592010498 41.90939521789551 1.0210342407226562 7.861204147338867 3.3413381576538086
29 1949.7421646118164 986.3703241348267 41.47415637969971 1.0980663299560547 7.8521928787231445 3.3808059692382812
30 1832.9354581832886 977.9506006240845 41.65644359588623 1.1150102615356445 7.8703413009643555 3.3873348236083984
31 1786.6475553512573 964.1260986328125 41.48133850097656 1.1219806671142578 7.969507217407227 3.3968591690063477
32 1685.0992097854614 1055.583773612976 41.1838436126709 1.1225652694702148 7.823058128356934 3.468947410583496
