0.0 12118900.0 13278300.0 18340100.0 18416600.0 16634500.0 16055700.0 18646300.0 18545000.0
0.1 12096400.0 13287700.0 18320000.0 18385900.0 17007400.0 16140200.0 18634400.0 18512200.0
0.2 12140400.0 13303000.0 18286400.0 18380200.0 16676200.0 16046400.0 18643300.0 18516700.0
0.3 12161700.0 13121400.0 18236800.0 18321300.0 16847900.0 16039500.0 18577200.0 18507100.0
0.4 12356000.0 11975400.0 17958900.0 18124500.0 16752500.0 15949100.0 18446500.0 18455100.0
0.5 12557000.0 8256610.0 13510500.0 14425500.0 15741300.0 15199600.0 18175400.0 18355500.0
0.6 12986000.0 3718180.0 4263060.0 4956160.0 7341600.0 7512500.0 14304700.0 17733500.0
0.7 11770100.0 1231790.0 1380030.0 1543740.0 2218810.0 2085900.0 6460280.0 12185300.0
0.8 2130840.0 372318.0 487236.0 517920.0 681907.0 535330.0 2447660.0 3916510.0
0.9 485824.0 120283.0 193631.0 202164.0 233433.0 175862.0 861498.0 1147100.0
