1 8875.898661613464 1701.3000602722168 222.92019367218018 52.96916198730469 29.870220184326172 41.642836570739746
2 8782.736972808838 1772.6746788024902 226.73949909210205 57.436527252197266 29.345425605773926 35.09126091003418
3 8637.116822242737 1793.832688331604 225.32046222686768 54.93961429595947 29.439290046691895 34.64723873138428
4 8583.552008628845 1716.4723625183105 218.53308200836182 51.48488998413086 29.46577548980713 39.347991943359375
5 7821.133651733398 1510.7201843261719 207.63888931274414 39.12981414794922 28.057125091552734 28.376577377319336
6 7645.073742866516 1476.1209421157837 198.22187423706055 38.413668632507324 27.71973419189453 26.95617389678955
7 7480.959937095642 1387.3221015930176 191.25282669067383 34.08330154418945 27.511563301086426 25.923452377319336
8 7185.581064224243 1413.8991374969482 167.12744903564453 34.51721668243408 26.74200439453125 23.651040077209473
9 6606.498921394348 1285.974401473999 159.4549560546875 24.734309196472168 26.115264892578125 21.987221717834473
10 6257.435615539551 1130.585807800293 154.62892818450928 21.8629732131958 25.832839012145996 20.72243881225586
11 6094.736867904663 1178.706114768982 150.39718341827393 15.96439266204834 25.741570472717285 18.988840103149414
12 5769.638751029968 1113.8357782363892 148.7747278213501 14.538695335388184 25.042957305908203 19.491780281066895
13 5200.097400665283 986.3818712234497 133.47984886169434 12.37553596496582 23.884949684143066 16.00381851196289
14 4832.450251579285 1044.663911819458 127.318922996521 12.52933120727539 23.211206436157227 16.078391075134277
15 4740.15048122406 925.6222505569458 123.68346977233887 12.30598258972168 23.420625686645508 14.933043479919434
16 4423.889066696167 916.7582006454468 96.23077297210693 13.810896873474121 18.946027755737305 12.66872501373291
17 3879.7469997406006 901.1876001358032 96.62953472137451 9.649457931518555 17.868045806884766 12.885884284973145
18 3634.1200075149536 839.4656448364258 94.74643993377686 9.564061164855957 17.348114013671875 13.978740692138672
19 3510.0085248947144 844.895676612854 94.23425388336182 8.857949256896973 16.949955940246582 13.471729278564453
20 3446.9018182754517 864.2317390441895 96.44148349761963 12.25800609588623 16.70836639404297 12.853567123413086
21 2901.4142475128174 1225.7816743850708 97.9289722442627 11.757375717163086 13.568365097045898 10.150618553161621
22 2599.1862182617188 1447.572766304016 98.06687641143799 13.909642219543457 12.822287559509277 8.373222351074219
23 2505.184220314026 1388.45943069458 101.49778366088867 12.598079681396484 12.181506156921387 8.026273727416992
24 2379.33385181427 1386.6838932037354 98.7150936126709 14.481795310974121 11.92060375213623 7.473783493041992
25 1901.6209917068481 1196.1655864715576 98.95387077331543 16.222233772277832 8.613407135009766 4.877795219421387
26 1684.8098030090332 1053.988826751709 99.50395011901855 15.514910697937012 8.088642120361328 4.5934038162231445
27 1537.7066717147827 996.1230955123901 101.10803127288818 16.783214569091797 7.769438743591309 4.475804328918457
28 1483.0153551101685 940.6886796951294 101.47270774841309 18.578274726867676 7.642972946166992 4.443903923034668
29 916.3669748306274 721.9215869903564 79.61111831665039 19.27519416809082 5.256374359130859 3.4926319122314453
30 796.5397300720215 656.8632926940918 82.52606773376465 20.364566802978516 5.072558403015137 3.32407283782959
31 762.0925436019897 635.4867076873779 81.38020896911621 21.937098503112793 5.054770469665527 3.316354751586914
32 736.6584053039551 626.8694505691528 59.758941650390625 22.917397499084473 4.997369766235352 3.2856616973876953
