1 15318900.0 4302620.0 4445460.0 4626080.0 6046860.0 5418510.0 15951400.0 17925700.0
2 12790700.0 4185680.0 4515100.0 4572490.0 5564340.0 5193940.0 15890300.0 18325600.0
3 13259600.0 4220020.0 4596200.0 4565120.0 5623850.0 5153360.0 15927100.0 18287200.0
4 12897700.0 4177670.0 4353650.0 4591470.0 5625690.0 5223140.0 15852700.0 18289900.0
5 13532000.0 4227420.0 4571900.0 4476040.0 5787070.0 5437320.0 16084500.0 18292200.0
6 13515400.0 4240320.0 4429140.0 4530670.0 5878230.0 5481260.0 16071200.0 18249300.0
7 14365200.0 4247730.0 4540150.0 4632980.0 5887930.0 5464190.0 16009300.0 18358800.0
8 12971100.0 4198180.0 5162670.0 4540320.0 6213280.0 5528640.0 16152000.0 18309200.0
9 14678100.0 4257690.0 5052270.0 4768760.0 6358870.0 5616310.0 16239900.0 18380300.0
10 13627500.0 4215830.0 5137520.0 5036420.0 6413510.0 5798610.0 16322100.0 18297500.0
11 15185800.0 4242620.0 4839040.0 5079190.0 6500180.0 5829010.0 16368500.0 18068800.0
12 15458200.0 4249170.0 4930970.0 5048120.0 6561340.0 5885230.0 16423000.0 18305300.0
13 15136400.0 4205930.0 5201640.0 5273240.0 6793570.0 6043720.0 16280900.0 18378500.0
14 14633400.0 4147400.0 5018210.0 4768980.0 6888620.0 6140560.0 16244500.0 18445500.0
15 13736900.0 4111380.0 5025610.0 4974280.0 6977990.0 6148750.0 16111100.0 18192700.0
16 13036900.0 4077330.0 5237130.0 5309140.0 7358590.0 6687090.0 15953300.0 18109100.0
17 14056800.0 4093150.0 5077640.0 5295890.0 7455900.0 6889730.0 14233900.0 16139200.0
18 14495000.0 4072220.0 5024460.0 5341900.0 7456760.0 6588390.0 14604100.0 16725200.0
19 14730500.0 4108770.0 4824990.0 5218700.0 7610970.0 6506420.0 14898400.0 17084300.0
20 15117800.0 4107540.0 5121020.0 5230070.0 7659530.0 6536280.0 15115600.0 17381900.0
21 15194300.0 4070420.0 5154480.0 5152820.0 7601850.0 6726750.0 15239900.0 17566400.0
22 15226600.0 4056560.0 5109060.0 5457060.0 7610770.0 6907830.0 15409600.0 17772200.0
23 15361400.0 4045080.0 5345720.0 5445910.0 7585440.0 6977780.0 15448700.0 17960600.0
24 15524400.0 4013890.0 5161700.0 5260560.0 7581490.0 6662920.0 15540800.0 18072700.0
25 15316600.0 3953690.0 4982590.0 5464500.0 7658540.0 7225920.0 15465900.0 18092100.0
26 15056900.0 3929360.0 5230360.0 5244010.0 7629630.0 7249240.0 15414000.0 18154000.0
27 14921900.0 3915330.0 5203110.0 5280230.0 7687750.0 7301870.0 15357300.0 18152400.0
28 14698500.0 3863050.0 5150960.0 5337500.0 7578390.0 7244180.0 15389700.0 18212500.0
29 14204500.0 3851880.0 4776020.0 5092070.0 7600280.0 7585880.0 14823800.0 18051100.0
30 13748700.0 3813900.0 4715240.0 4863400.0 7639970.0 7547550.0 14550600.0 18001500.0
31 13434200.0 3772800.0 4691610.0 4880860.0 7586920.0 7577100.0 14508400.0 17969900.0
32 13021100.0 3718900.0 4657530.0 4830370.0 7574660.0 7557200.0 14388700.0 17930300.0
