1 139.50901985168457 98.7444715499878 2.2525558471679688 0.25217247009277344 0.1757640838623047 0.01877880096435547
2 137.3100881576538 108.26448631286621 3.0011215209960938 0.25047874450683594 0.2053670883178711 0.024771690368652344
3 135.854079246521 103.63804244995117 2.814314842224121 0.2534475326538086 0.20145511627197266 0.023360252380371094
4 142.36654663085938 101.79190826416016 2.7256927490234375 0.23201847076416016 0.2053070068359375 0.02375507354736328
5 128.8263177871704 104.61757850646973 2.6001596450805664 0.21742725372314453 0.18266868591308594 0.022792816162109375
6 134.33657550811768 98.64031219482422 2.533884048461914 0.23110580444335938 0.18329238891601562 0.022272109985351562
7 127.07324504852295 97.93989276885986 2.502945899963379 0.22231674194335938 0.18525314331054688 0.02130603790283203
8 104.69560527801514 95.57857513427734 2.324586868286133 0.21477508544921875 0.17555713653564453 0.022330284118652344
9 117.8720235824585 86.46922302246094 2.2009754180908203 0.21901512145996094 0.16315460205078125 0.020514488220214844
10 104.3020544052124 76.78760623931885 2.1480941772460938 0.21335983276367188 0.14712238311767578 0.020872116088867188
11 120.23914051055908 74.2992467880249 2.0695085525512695 0.18528461456298828 0.14127540588378906 0.016332626342773438
12 111.41866111755371 74.79719734191895 2.0039377212524414 0.16821765899658203 0.14564228057861328 0.017879486083984375
13 99.73423290252686 62.466864585876465 1.7147903442382812 0.16978836059570312 0.14600563049316406 0.018802642822265625
14 92.89350891113281 73.66467189788818 1.642857551574707 0.1614828109741211 0.14282703399658203 0.02012920379638672
15 92.52176570892334 66.81945896148682 1.4981985092163086 0.15408992767333984 0.11903190612792969 0.01980876922607422
16 73.0377311706543 52.16538715362549 1.1312685012817383 0.1640777587890625 0.11125850677490234 0.01991558074951172
17 77.13075256347656 51.875847816467285 0.9921531677246094 0.16505050659179688 0.07552909851074219 0.011837959289550781
18 69.73333740234375 54.101417541503906 0.9426336288452148 0.16484355926513672 0.07990646362304688 0.012432098388671875
19 76.41450881958008 52.945815086364746 0.7454853057861328 0.16471385955810547 0.08178520202636719 0.013062477111816406
20 71.95177841186523 53.12566947937012 0.7012557983398438 0.17580413818359375 0.08651542663574219 0.013734817504882812
21 57.302002906799316 43.619582176208496 0.7382621765136719 0.17649173736572266 0.08937549591064453 0.01424407958984375
22 58.115254402160645 41.19011306762695 0.7181234359741211 0.1767578125 0.09056377410888672 0.015019416809082031
23 53.87521171569824 40.800068855285645 0.6926259994506836 0.1779031753540039 0.09392452239990234 0.015470504760742188
24 56.23893451690674 44.41531753540039 0.7058706283569336 0.1917552947998047 0.09541702270507812 0.01596546173095703
25 36.80168533325195 27.2015438079834 0.6177797317504883 0.17704296112060547 0.09604454040527344 0.016435623168945312
26 35.11428165435791 27.61294937133789 0.5976486206054688 0.15973758697509766 0.09776782989501953 0.01683807373046875
27 34.27080726623535 26.949278831481934 0.5692911148071289 0.18011093139648438 0.09789657592773438 0.017057418823242188
28 34.58940505981445 26.189587593078613 0.58984375 0.18069744110107422 0.09647941589355469 0.017551422119140625
29 15.106836318969727 12.3919038772583 0.47249794006347656 0.17567825317382812 0.08723163604736328 0.017351150512695312
30 14.95818042755127 12.413793563842773 0.44851207733154297 0.16642284393310547 0.08562374114990234 0.01742839813232422
31 14.959863662719727 12.315933227539062 0.43049144744873047 0.16774272918701172 0.0843057632446289 0.017549514770507812
32 14.929615020751953 12.346647262573242 0.41652774810791016 0.16764545440673828 0.08501815795898438 0.017808914184570312
