0.0 13294700.0 15562600.0 18881500.0 18886200.0 17109700.0 16164400.0 19209500.0 19363000.0
0.1 12943100.0 3844480.0 4340840.0 4898190.0 7535520.0 7738230.0 14274100.0 17896200.0
0.2 12899700.0 2354190.0 3403150.0 3703770.0 4476930.0 4253650.0 11306400.0 16505500.0
0.3 12876800.0 1735960.0 2755350.0 2976730.0 3162230.0 2863150.0 9465420.0 15186300.0
0.4 12974000.0 1433020.0 2406170.0 2521250.0 2558830.0 2168390.0 8456830.0 13576200.0
0.5 13110000.0 1229310.0 2111030.0 2172060.0 2142000.0 1752320.0 7554820.0 11714400.0
0.6 13409600.0 1084740.0 1869480.0 1900380.0 1825100.0 1469280.0 6934990.0 10045700.0
0.7 13877800.0 1032260.0 1785270.0 1803140.0 1704500.0 1355140.0 6901260.0 9113730.0
0.8 14389700.0 970670.0 1652490.0 1666720.0 1543850.0 1167050.0 6785300.0 7997630.0
0.9 14832500.0 933259.0 1593510.0 1593580.0 1461040.0 1106490.0 6959740.0 7084200.0
