1 14672400.0 16168600.0 18853600.0 18943500.0 16411900.0 15668700.0 19358300.0 19527600.0
2 12088500.0 14552000.0 19430000.0 19526300.0 17085600.0 16160900.0 19730800.0 19788900.0
3 12675300.0 15306300.0 19305100.0 19391400.0 17067100.0 16152100.0 19640600.0 19730300.0
4 12224200.0 14897700.0 19410100.0 19492400.0 17060000.0 16161100.0 19701800.0 19750300.0
5 12879600.0 15122600.0 19265400.0 19356200.0 17035500.0 16113300.0 19625800.0 19732900.0
6 12928300.0 15528100.0 19251200.0 19339400.0 17034000.0 16099600.0 19604100.0 19687000.0
7 13812900.0 15965900.0 19199000.0 19280400.0 17018200.0 15947900.0 19575000.0 19681100.0
8 12341900.0 15088100.0 19363500.0 19462500.0 16997100.0 16143300.0 19683100.0 19765700.0
9 14138700.0 16043600.0 19156100.0 19266600.0 17008900.0 15915000.0 19606400.0 19715000.0
10 13020100.0 15684300.0 19268400.0 19352200.0 16966300.0 16076800.0 19635600.0 19751000.0
11 14465800.0 15923100.0 18460500.0 18534000.0 16949400.0 15495500.0 19047000.0 19195500.0
12 14647900.0 16218000.0 18819600.0 18907300.0 16982300.0 15887100.0 19383800.0 19517400.0
13 14465300.0 16105700.0 19070300.0 19173100.0 16722500.0 15923600.0 19543500.0 19668800.0
14 14024200.0 15711900.0 19289800.0 19369800.0 16820300.0 15741000.0 19651200.0 19768100.0
15 13194200.0 15688700.0 19358100.0 19357300.0 16909000.0 15892200.0 19595400.0 19712900.0
16 12377000.0 15040600.0 19250400.0 19331300.0 16954400.0 16102100.0 19519300.0 20205300.0
17 13558400.0 14487700.0 16516400.0 16514000.0 16910500.0 13796000.0 17213300.0 17476000.0
18 13806400.0 15108500.0 17115400.0 17104400.0 17010200.0 14236500.0 17713200.0 17972500.0
19 14108300.0 15418300.0 17551800.0 17543200.0 15040100.0 14581500.0 18075500.0 18325300.0
20 14368700.0 15686900.0 17890500.0 17864300.0 15390700.0 14902000.0 18452500.0 18655600.0
21 14490600.0 15749700.0 18133500.0 18131000.0 15676400.0 15164300.0 18671800.0 18879100.0
22 14470700.0 15812300.0 18425800.0 18414900.0 15963800.0 15447100.0 18942300.0 19143000.0
23 14609900.0 16046200.0 18639500.0 18654200.0 16235300.0 15689800.0 19191200.0 19362400.0
24 14721300.0 15914400.0 18872000.0 18870000.0 16487100.0 15938700.0 19374900.0 19620900.0
25 14633500.0 16052100.0 18995100.0 18990400.0 16619400.0 15997200.0 19448400.0 19592100.0
26 14485100.0 15588700.0 19142800.0 19127000.0 16730600.0 15938300.0 19500600.0 19625100.0
27 14312300.0 16122400.0 19255300.0 19209900.0 16785600.0 15806600.0 19550300.0 19684700.0
28 13958900.0 15961800.0 19357600.0 19363100.0 16823700.0 15660200.0 19570800.0 19681700.0
29 13451500.0 15761800.0 19328500.0 19328000.0 16911100.0 15762800.0 19456600.0 19968500.0
30 13052600.0 15242400.0 19291600.0 19296600.0 16965200.0 15895200.0 19498400.0 19632400.0
31 12647200.0 15005800.0 19277800.0 19265900.0 17011200.0 15999500.0 19442600.0 19570400.0
32 12226600.0 14683600.0 19228200.0 19222500.0 17047300.0 16124700.0 19366400.0 19494300.0
