0.0 0.03980541229248047 0.039157867431640625 0.002140045166015625 0.0015773773193359375 0.0031681060791015625 0.0024099349975585938
0.1 0.04792308807373047 0.04614448547363281 0.0024290084838867188 0.0018835067749023438 0.00341796875 0.0025911331176757812
0.2 0.06655502319335938 0.06421279907226562 0.0028333663940429688 0.0022220611572265625 0.0036182403564453125 0.0027341842651367188
0.3 0.1114206314086914 0.11032581329345703 0.004443168640136719 0.0036458969116210938 0.004542350769042969 0.0032138824462890625
0.4 0.2524452209472656 0.2484588623046875 0.007559776306152344 0.006426811218261719 0.006913185119628906 0.004039764404296875
0.5 2.314866065979004 1.8043184280395508 0.03574562072753906 0.02820873260498047 0.01772308349609375 0.0062236785888671875
0.6 14.807328224182129 10.902121543884277 0.26651668548583984 0.1624441146850586 0.08461666107177734 0.01762104034423828
0.7 57.0931396484375 45.194942474365234 2.3163795471191406 1.0143203735351562 0.5072622299194336 0.10323429107666016
0.8 185.10099029541016 181.9672966003418 11.037595748901367 5.359594345092773 2.3153772354125977 0.5872898101806641
0.9 555.9720544815063 692.597996711731 19.99459457397461 5.690024375915527 6.797987937927246 2.5472402572631836
