1 2085950.0 75473.0 131955.0 158794.0 125486.0 31427.0 214192.0 402364.0
2 1787610.0 75468.2 131791.0 157060.0 125182.0 29867.0 211319.0 338046.0
3 1838020.0 75123.8 132015.0 152047.0 125535.0 30152.7 215436.0 336166.0
4 1824430.0 74980.8 133005.0 155885.0 126157.0 31048.7 234346.0 397698.0
5 1914040.0 74490.8 133945.0 164165.0 129231.0 33324.3 235318.0 344075.0
6 1931650.0 74573.0 135772.0 162595.0 131950.0 35556.5 239083.0 351094.0
7 2049610.0 74095.0 136590.0 167380.0 132689.0 34558.2 245468.0 352237.0
8 1841290.0 74367.1 138333.0 161924.0 141780.0 36507.2 278936.0 362577.0
9 2123220.0 74300.3 140026.0 164724.0 143275.0 40236.2 289800.0 411043.0
10 1942690.0 74079.7 142494.0 173476.0 144068.0 43596.2 299127.0 390313.0
11 2526780.0 74132.2 143851.0 166698.0 143768.0 43248.6 323873.0 410168.0
12 2365150.0 74137.5 145771.0 170500.0 144855.0 49309.8 303377.0 410078.0
13 2207670.0 74104.3 147501.0 176172.0 149934.0 52829.4 384513.0 445847.0
14 2065960.0 73977.8 150285.0 169031.0 150650.0 59928.3 390066.0 507765.0
15 1949790.0 73464.1 150593.0 176992.0 154727.0 66479.5 411914.0 497408.0
16 1832060.0 73844.9 151837.0 177561.0 165872.0 64105.0 554346.0 578045.0
17 3217830.0 73784.8 155163.0 178010.0 165363.0 94044.9 574420.0 623910.0
18 3049390.0 73436.7 155342.0 178386.0 166032.0 93752.2 584089.0 722532.0
19 2928240.0 73333.9 157472.0 178257.0 165821.0 99915.5 588508.0 744143.0
20 2803710.0 73256.2 157481.0 177996.0 166069.0 85210.5 587650.0 711202.0
21 2678330.0 73180.2 160863.0 175346.0 166015.0 95884.8 657560.0 809883.0
22 2566030.0 73114.2 163499.0 171589.0 166289.0 97211.8 666096.0 838002.0
23 2471330.0 73040.9 164429.0 171952.0 167000.0 106291.0 675025.0 853409.0
24 2376230.0 72923.3 164871.0 171300.0 166446.0 91737.9 681210.0 862489.0
25 2291140.0 72923.3 169964.0 169964.0 169650.0 98634.9 728287.0 942811.0
26 2207650.0 72851.0 172087.0 169544.0 169652.0 105998.0 744588.0 949641.0
27 2135560.0 72686.0 175308.0 169746.0 170385.0 116252.0 753030.0 953174.0
28 2075140.0 72598.0 175349.0 168824.0 170379.0 103078.0 751925.0 954904.0
29 2005320.0 72613.5 186248.0 171701.0 179235.0 116801.0 781500.0 958085.0
30 1946960.0 72505.8 188053.0 172298.0 179041.0 118576.0 782825.0 961672.0
31 1889390.0 72562.2 188233.0 172465.0 179374.0 115899.0 784636.0 959079.0
32 1828790.0 72443.6 188869.0 173065.0 181837.0 117067.0 787136.0 955248.0
